image: map_piso_-1_crop.pgm
resolution: 0.030000
origin: [-54.69, -45.84, 0.000000]
negate: 0
occupied_thresh: 0.65
free_thresh: 0.196

